1.922121396368984270e+00
2.004898944571637642e+00
2.053242717165588260e+00
1.974613411978726640e+00
1.959400253559406391e+00
2.152910908650448985e+00
1.989782935102632822e+00
2.116724264197908045e+00
1.972029144659081634e+00
2.007492629375077442e+00
1.881622601621431912e+00
1.992275749750061609e+00
2.027434683911711666e+00
1.955289108430951828e+00
1.881261303452724576e+00
2.025504505110006459e+00
1.920450617142183791e+00
1.899553394501044989e+00
2.068196392326065336e+00
2.031564971934066488e+00
1.954210438056789068e+00
1.943921530997903435e+00
1.869263886761802773e+00
2.103595241728133391e+00
2.064069230769229879e+00
1.971777676002919089e+00
1.953243961968023967e+00
1.986808537092886073e+00
1.822262524145354279e+00
1.768216288247919987e+00
1.989500771415239511e+00
1.776500473275434810e+00
1.958869138859973269e+00
2.196391980854589754e+00
2.020498533247484296e+00
1.930920138160089117e+00
2.102268206819247531e+00
1.949099853606215182e+00
2.133659520323956116e+00
1.931900936161865756e+00
1.939256980701450805e+00
1.923409191149513475e+00
2.091602346985401706e+00
2.092126257307944215e+00
1.789601016341690665e+00
1.896493256461874832e+00
1.928764308182023157e+00
1.958647380382583458e+00
2.049414506985445694e+00
2.089734958200690329e+00
2.066123397560271080e+00
1.923627209848073560e+00
2.020283311092242240e+00
2.168390950691182262e+00
2.121797907518006454e+00
2.094427928677169426e+00
2.023921556866684401e+00
1.875642874933449056e+00
1.913898207151353947e+00
2.134338499788180243e+00
2.061171912684391483e+00
1.920883478772594133e+00
2.058630713501687026e+00
1.940380699690557931e+00
1.957224056308355831e+00
2.126195003440591424e+00
1.856179481597764358e+00
2.090138122019549627e+00
1.841291842556405989e+00
2.006557897769082555e+00
1.835441025865763631e+00
1.927648689839629448e+00
1.969002985930311311e+00
2.077679595868275442e+00
1.975235729972551368e+00
1.999129478225823098e+00
2.005623699614923705e+00
1.846688171055867134e+00
2.088502023065345714e+00
2.116594632409712684e+00
2.093526441891071954e+00
1.903437569503090288e+00
2.042820893695604045e+00
2.087669882555977630e+00
2.062616125182245241e+00
1.844790142044458570e+00
1.953954328080941938e+00
1.972021529624087277e+00
2.036667580428981772e+00
1.875365023460040081e+00
1.926556703946727733e+00
2.148519977139468740e+00
1.856616621984081394e+00
2.081923768923296336e+00
2.030384921532654374e+00
2.101478703456590047e+00
2.017841218954291360e+00
1.897635125096885256e+00
1.952341427183266642e+00
1.847205148084987592e+00
1.825647118935628477e+00
1.972013663912094206e+00
2.000297688417409070e+00
2.037247940828084136e+00
1.938919398631494317e+00
1.956783345413690922e+00
1.962298126383789310e+00
1.935121508047006333e+00
2.068092275944680924e+00
1.828963517422351304e+00
1.939137170356537654e+00
2.139403260172853205e+00
1.911411650939032203e+00
1.890791475335724892e+00
1.948585676748189943e+00
1.813334636021312063e+00
1.871447701323530666e+00
1.958799076014773988e+00
2.009227657456174931e+00
2.063980281357308932e+00
1.977418991104451962e+00
1.953537899848033277e+00
1.921100724550060868e+00
1.953202542508583495e+00
2.020627964286284328e+00
1.892257636668561283e+00
2.028252578296949604e+00
2.069377425656616865e+00
2.042445879821001675e+00
2.193176040621234613e+00
1.952250324476716425e+00
2.066484843799614168e+00
1.923477392481809600e+00
1.843941074448232520e+00
2.062820024311492251e+00
2.057374460217913370e+00
1.867299115604882820e+00
1.955165817200317235e+00
2.107713456007616948e+00
2.021628392718458844e+00
1.856693606871783420e+00
1.913939245981215898e+00
1.943905195337624958e+00
1.898878832190092458e+00
1.920940641534792936e+00
1.979179466859095848e+00
1.808499930149515045e+00
1.944864542362371829e+00
1.930745200424657693e+00
2.083081968498988967e+00
1.946745239534017680e+00
1.991787222550311265e+00
2.219153195038188642e+00
1.955777323200776685e+00
2.041144746716871072e+00
2.020930509424435417e+00
1.999478504887886032e+00
2.115782310956895618e+00
1.894651931305812109e+00
1.918264235323066558e+00
1.957477776287914750e+00
2.069566163473820275e+00
2.000454875243052655e+00
2.043554502571151676e+00
1.869614774022640313e+00
1.874524179448278538e+00
2.037515967832537633e+00
1.941051884325879273e+00
2.032187943615773484e+00
1.905591163742331062e+00
2.120827355807898495e+00
2.118281087806019869e+00
1.994198423219919913e+00
2.027264268632235300e+00
2.051052175547719791e+00
2.085184938659443432e+00
1.964949890933734400e+00
2.263263206086431278e+00
1.998928218824160830e+00
1.900972465645609510e+00
1.965764365316823969e+00
2.139213542178536986e+00
1.986328884771918268e+00
2.093026181099867156e+00
2.163754757038493626e+00
2.090026512857249941e+00
2.081538285771792118e+00
2.190373612401154801e+00
1.977912114410233402e+00
2.035720281194149273e+00
1.952813609721247401e+00
2.039947621136108058e+00
1.990637959993220019e+00
2.027667835555336140e+00
1.943434324303799476e+00
2.049827435208535054e+00
1.988590574680476619e+00
1.938964517658818387e+00
1.985287548867184615e+00
2.188922716051579176e+00
2.064623985289537611e+00
2.017289923239280025e+00
2.056894649938893149e+00
1.859925657200759197e+00
2.025900688730289279e+00
2.030853938218225352e+00
2.010458231428136955e+00
2.099908216646513281e+00
2.101064961286369215e+00
2.046756623852530765e+00
1.951276650064738938e+00
2.059476418631910555e+00
2.098252901566791895e+00
2.062357514349312027e+00
1.901771049600460284e+00
2.137478187149179032e+00
2.062688449107568989e+00
1.929934057049687013e+00
2.114173707399774838e+00
2.105680472430384587e+00
2.094421756040796279e+00
1.914961835614360508e+00
1.850084425829402246e+00
1.973129636151943700e+00
1.995125810002665201e+00
2.027833539151988163e+00
2.001891843637574553e+00
2.029472207785605331e+00
1.943502740912220528e+00
2.092127544318582277e+00
2.018977840499224463e+00
1.959416462708524431e+00
1.996934982819064563e+00
2.104748747907788431e+00
2.006169015484228879e+00
2.273409380323732076e+00
1.998440337314471904e+00
2.183415192759094570e+00
1.931469038870690769e+00
2.073515878391118950e+00
1.896498529062058402e+00
2.030498234618382636e+00
2.189779609284344453e+00
2.132159029416386353e+00
2.073623731866976794e+00
1.962163062099411937e+00
2.096991122842959854e+00
1.971148535256777246e+00
2.203632714170279172e+00
1.992257042969332037e+00
1.870575468588613122e+00
1.880851224644982000e+00
1.740939000910377343e+00
1.882941135049075232e+00
2.115086574846511969e+00
1.954920446234345022e+00
2.165271363552117911e+00
2.008890078388189782e+00
1.981585407321585945e+00
1.958339507199835960e+00
2.074454917449014779e+00
2.048614980485552906e+00
2.024219257128533123e+00
2.174082214002000857e+00
2.144281293885602846e+00
1.900515351984217727e+00
2.106111130045024371e+00
1.967553369046360245e+00
2.073152403928628207e+00
2.043671271858079397e+00
2.082109078036403993e+00
1.961354268605168594e+00
2.082813533080381863e+00
1.916225201152230495e+00
1.930179677290645657e+00
2.208795505850982277e+00
1.893302902514255592e+00
2.029105534509263453e+00
1.874063481672754161e+00
2.175060778246595383e+00
1.990088447528218563e+00
1.934251469534014944e+00
2.034627419802385262e+00
2.019973481392988379e+00
1.821395194280600816e+00
1.984241069950579472e+00
2.072808659749368232e+00
2.192332066527319157e+00
1.951053552222031362e+00
2.162618925929140623e+00
1.837511672019522813e+00
2.068149445539024800e+00
2.057887341787015156e+00
1.965317660528688837e+00
1.860545395975252481e+00
1.976000702315922064e+00
2.066263871209591763e+00
2.034254954228000845e+00
1.946956669477976076e+00
1.910847741990685078e+00
1.997463371959601552e+00
1.909190956984410770e+00
2.058985025597293461e+00
1.969143589096434832e+00
2.078984377265872041e+00
1.972902214932998888e+00
1.929666259177333698e+00
2.174616706836670854e+00
1.917168563216639088e+00
1.974500699561967387e+00
1.903825004353481010e+00
2.032732787294481813e+00
2.094929106598401258e+00
2.084256194915650173e+00
1.835580538158819497e+00
1.913081794737381269e+00
1.950721219041430032e+00
2.014535751186874446e+00
1.944498482871364509e+00
1.995621202928503424e+00
2.008305442579824796e+00
1.899565784373550059e+00
1.914167659712088243e+00
2.047183689905946569e+00
2.082830649707648973e+00
2.006513194741927020e+00
1.972847136151455461e+00
2.140810497474322727e+00
2.071094773458705962e+00
2.009780664267249772e+00
2.046780713516404226e+00
1.867832548934104775e+00
1.920412536806168413e+00
1.901947144396495704e+00
1.942324103207590857e+00
1.919094024330751935e+00
2.111899643813069272e+00
1.759347768326054107e+00
1.844440514119301877e+00
1.956817730701927882e+00
1.826770184932619445e+00
2.044502489760627206e+00
2.032669603924152302e+00
2.059755103891963923e+00
1.989603197236696763e+00
2.166473736369280090e+00
1.910079141803464831e+00
2.004085203428469075e+00
1.881641760364456406e+00
1.880523955418322180e+00
1.750914394397250717e+00
2.079117667052786000e+00
1.997329563924822526e+00
1.973613307957132967e+00
2.060734082821409796e+00
2.153702779018478175e+00
2.027860085745043950e+00
1.908531020903764253e+00
1.984261306132738989e+00
1.910477082623871947e+00
2.094181487513666173e+00
1.892025492771165052e+00
2.096527305564655830e+00
1.864873640071482486e+00
2.182644387772522787e+00
2.020324326336405907e+00
2.006037292608354061e+00
1.988649833181304505e+00
2.015516463357009957e+00
2.034384794475994962e+00
2.086245185073346775e+00
2.224811753519832624e+00
1.998033106208442433e+00
1.982084217476983934e+00
2.055963847308881487e+00
1.967329979699580011e+00
1.948709225078053331e+00
2.058092022730443116e+00
1.984216978142434140e+00
2.149883484419411683e+00
2.009894437136980905e+00
2.018515273972279811e+00
2.111630804263641359e+00
2.180255281666661826e+00
1.850405774359962452e+00
1.908054678857785458e+00
2.101291190965963285e+00
2.019729445898408748e+00
2.113908692436929027e+00
1.849829732395262383e+00
1.799923887537561162e+00
2.107244489154811440e+00
2.036786978376432966e+00
2.078604296310814892e+00
1.996025390146389578e+00
2.047802278790247676e+00
2.069544106180536858e+00
1.945013593002637320e+00
1.997829433585572634e+00
2.103052132940874674e+00
2.036810419464385014e+00
1.914071886390948052e+00
1.960955834619581895e+00
1.946594951183051370e+00
1.782731148049150116e+00
2.108474609800051081e+00
1.985643537886759180e+00
2.121402374147255188e+00
2.034288816105882525e+00
1.950008317789377887e+00
1.991968672792550521e+00
1.932100345945039876e+00
1.846849376166807000e+00
2.151620611752709245e+00
1.985987195722631160e+00
1.840660261542220066e+00
1.989650949309944572e+00
2.014777593545189482e+00
1.937885936282168542e+00
2.013111046573742069e+00
1.995353020669111910e+00
1.988266839668329178e+00
2.084455337424034660e+00
2.079524571857427784e+00
2.034412585329695045e+00
2.091228753781808614e+00
2.075493999508190690e+00
2.041483865016484156e+00
2.044552534029558277e+00
2.203171004982471537e+00
1.900368998889672811e+00
2.051050290886590854e+00
2.059130030725254468e+00
2.000294610287282726e+00
1.897715219191296265e+00
2.077916172429632002e+00
1.952658657092495975e+00
1.895604361479508171e+00
1.950029273606924685e+00
2.159795818955529967e+00
1.897103859770689072e+00
1.982361924831341105e+00
1.978829999935328265e+00
1.818299305865541893e+00
1.997803194453616538e+00
2.033297946517663046e+00
1.982699212265860655e+00
2.001104087134994547e+00
2.110973382392085540e+00
2.183023089060023292e+00
1.850519788792282405e+00
2.092092490648735925e+00
1.939915675802698303e+00
1.995566393371754010e+00
1.983848693393253981e+00
1.854697147357677656e+00
1.981571830992167049e+00
2.104101219786809640e+00
2.043142442583012475e+00
1.878643298389952143e+00
2.061661201449908720e+00
1.989371094846334120e+00
2.007818783014538866e+00
2.081731325056296100e+00
2.071689749384800106e+00
2.132090364218822032e+00
1.856335433499357590e+00
2.101774419559393703e+00
1.907022414727844506e+00
1.913570892656524691e+00
2.069403699994022627e+00
2.112201900935190224e+00
1.871593905027459481e+00
2.055895557365023052e+00
1.881159393795179380e+00
1.905934454470144424e+00
2.075514580953107924e+00
2.097996203417771266e+00
1.885863502257407065e+00
1.927223807793730259e+00
2.039824842456909870e+00
2.123421190980681050e+00
1.923829736993227568e+00
1.992207308270050659e+00
2.013303236157616638e+00
1.831032658505886923e+00
1.921424885434620977e+00
2.024075161211146057e+00
1.867428708879977917e+00
1.990933633810284986e+00
2.050260708307403590e+00
2.054243230704928980e+00
1.827391426679384256e+00
2.025349680394203489e+00
2.145576412226407381e+00
2.178923316782174879e+00
1.918456507456147264e+00
1.749753070131476296e+00
2.259824478595386932e+00
2.210295759355731082e+00
2.021693540033856706e+00
2.053030060861948058e+00
2.062232154287402253e+00
2.054972904002913214e+00
2.009404788585701596e+00
1.950384155594596658e+00
1.934443120864151044e+00
1.913915636146898080e+00
1.975062432486943020e+00
1.923023004954947490e+00
2.122058398611903929e+00
1.961104321858862853e+00
1.939355432451986161e+00
1.968475937452358604e+00
2.030012004765142208e+00
1.846611845259341411e+00
1.968471668796802243e+00
1.937185287678758971e+00
1.840328521712504495e+00
1.922164179980068388e+00
2.016892365813516275e+00
2.008001526743191878e+00
2.103470670408219334e+00
1.866327109339394497e+00
2.131950459375021367e+00
2.081391799315817526e+00
1.922448046611576755e+00
2.137602960902254434e+00
1.908816931814178552e+00
2.043488939178538466e+00
1.827282587495404620e+00
2.097336321760616240e+00
1.918320866160978966e+00
2.117537167914014251e+00
1.923842601229447169e+00
1.990013748112172243e+00
2.062531680867679906e+00
1.686982332090605885e+00
1.951172142144856458e+00
2.106661745981264211e+00
2.004821624364660604e+00
1.912733477566334050e+00
2.017727559843701002e+00
1.836540361668772547e+00
1.831277038544873337e+00
2.058286804907667911e+00
1.911642454125181745e+00
1.773055760658236002e+00
2.032075172750881009e+00
1.842553770812621616e+00
2.013451120972964414e+00
2.089550859327082399e+00
1.953118910990299106e+00
2.018853242442339102e+00
1.840480415500006073e+00
2.060566616958056319e+00
1.891142488910091846e+00
1.937928568013499664e+00
1.902146405408347674e+00
1.786167971227349716e+00
2.160719185730592073e+00
2.015866593359932235e+00
1.931966699826628275e+00
1.939095927994825219e+00
1.966999597972560299e+00
1.960336984497610846e+00
2.152687769417410468e+00
2.035492365413785087e+00
1.837530414671044054e+00
1.945051215167980629e+00
2.013516058135344178e+00
1.895279586289055018e+00
1.961207073102322118e+00
2.187530518079905395e+00
2.016252770381717241e+00
2.027216217630116724e+00
1.987815475034875545e+00
2.032230770470789594e+00
2.019318629499381679e+00
2.066652345876945684e+00
2.094950251230324412e+00
1.965919917243794446e+00
1.976124252450570218e+00
1.875098399720943165e+00
1.915961602299045996e+00
1.831048713569162878e+00
1.737328942185345948e+00
2.106603130398434054e+00
2.109277465260183781e+00
1.942540695565899034e+00
2.026007899995450945e+00
2.054991513592971053e+00
1.888975106246403746e+00
2.018327683516195847e+00
1.902439394605530687e+00
1.796925585250288560e+00
2.129142279794272508e+00
1.972403870469430442e+00
2.098889775315665673e+00
1.973097331916928487e+00
2.002727760380722088e+00
2.055888117740333865e+00
2.195128437945311983e+00
2.050533212332012134e+00
2.049805508108697438e+00
1.940824072051360760e+00
2.025126858418580422e+00
1.919521070416569497e+00
1.940858857936592408e+00
2.011709241525650782e+00
2.020659982154609846e+00
1.990380921565950034e+00
1.898128132248569910e+00
2.022337195022572143e+00
1.959789303703494578e+00
2.165522073575932183e+00
1.961587539078982312e+00
1.998241622700788866e+00
2.032599029061526785e+00
1.936748560152170562e+00
2.264651508789817136e+00
2.056471163346715869e+00
2.011198883914569802e+00
2.061867058755110005e+00
1.974568534739290282e+00
2.085463490254401808e+00
2.019345599873741293e+00
1.839639595905214531e+00
1.992826250544250222e+00
1.914544156096577243e+00
1.979757907638966641e+00
2.143441833769470950e+00
2.036092727899275534e+00
1.944353408093904223e+00
1.935680006610210890e+00
1.956283431874452194e+00
2.079272459431666942e+00
1.989879753252988381e+00
2.070759364249478818e+00
1.942785113050446544e+00
1.999012457191326586e+00
2.071782233536722639e+00
2.004757774434120066e+00
1.896962085449132029e+00
2.160148649838232959e+00
1.981412049573764822e+00
2.060870735797302178e+00
2.222895852020884799e+00
2.091518397453517419e+00
2.174068227858200419e+00
1.843481955438219355e+00
1.998423862190706002e+00
2.075513514264121007e+00
1.964810602388524119e+00
1.933826125872783352e+00
2.106526660705554832e+00
1.837865589325758275e+00
1.993861412064915184e+00
1.983270487847973884e+00
2.055948891653814226e+00
2.129883734233140480e+00
2.115338860676003740e+00
1.890420274321479077e+00
2.152452593278873394e+00
1.875690034427162534e+00
2.086614509805134965e+00
2.002277603943455553e+00
1.951461595009697625e+00
2.008752836873945125e+00
1.926552877760721039e+00
2.172344029939889953e+00
1.952216160019497382e+00
1.933684854736058334e+00
2.084740916748371919e+00
2.061061634001567722e+00
1.978948729126395634e+00
1.988921135983610755e+00
1.996531309913343932e+00
1.773390015101725670e+00
1.925705508780912067e+00
2.260360360181627559e+00
2.053575677268275612e+00
2.032999364317940483e+00
2.020492509624133071e+00
2.022127005983682224e+00
2.126328428091290412e+00
2.149737368745679333e+00
2.043462801036922016e+00
2.096061409239876383e+00
2.012279124423547838e+00
1.997224030409836981e+00
1.933592891103635303e+00
1.842708114146733411e+00
2.017524004688707517e+00
1.940016003273952849e+00
1.994006589945212626e+00
2.070202405706601745e+00
1.929930283771693844e+00
2.074224384761676365e+00
2.066635128224129758e+00
1.945049408421180459e+00
2.056900330248034869e+00
1.996196034177987411e+00
1.971566512813249128e+00
2.155064509469733380e+00
2.012696521876414124e+00
2.007166217409044329e+00
1.944098478556502974e+00
2.144491565649707887e+00
1.884448378788151190e+00
1.872431943569777602e+00
2.113446012362678594e+00
1.938280765101013658e+00
1.998993588368550345e+00
2.010507653104461667e+00
1.964654677493686830e+00
1.919130171299225696e+00
1.832045354964057626e+00
1.999365775982786753e+00
1.887796366451528485e+00
2.024438781538374865e+00
2.061109205475141870e+00
1.884636069126338631e+00
1.974165739880312076e+00
2.006719130066723533e+00
2.053999342458459498e+00
2.160818151481955773e+00
1.928450909663334212e+00
2.106892720283842557e+00
2.058686562058309022e+00
1.991623308906018464e+00
1.799146276851501636e+00
2.062388552446336121e+00
1.942444966709182097e+00
2.142980686151221725e+00
1.832558919245671269e+00
2.104631889258510302e+00
2.012618803097730780e+00
1.899908616059682087e+00
2.189087185946257286e+00
2.011668068167438594e+00
2.051514740800308267e+00
2.017894997044210381e+00
2.215105377602239578e+00
1.958068579504743667e+00
2.054320306345801761e+00
2.223131838374817537e+00
2.028482101777071112e+00
1.806326983691764587e+00
1.997618662069884810e+00
2.013065767739826484e+00
1.858568348998231423e+00
2.039693023637759506e+00
2.142755225991555879e+00
2.044024690837166425e+00
1.924253544017074935e+00
1.991762878649879109e+00
2.031162721374013103e+00
1.930170761979281613e+00
2.020121753961443556e+00
2.107699375064385094e+00
2.024978277901895218e+00
1.938673882242685220e+00
1.970837383242884266e+00
2.003473721746150904e+00
1.861661349187345049e+00
2.008063430399493754e+00
1.933476431013840591e+00
2.097563451223847242e+00
2.197053839959357990e+00
1.979425772327726429e+00
1.919110557257724725e+00
2.018431107881667241e+00
2.095161405750535000e+00
1.917506293303862908e+00
2.015122064040554939e+00
2.051152584264755330e+00
1.982957716742041354e+00
2.024565160499729011e+00
2.137081047189070215e+00
2.067437520162662246e+00
1.825964995340585872e+00
1.964178012193173339e+00
2.045565468026646183e+00
1.974231703574014007e+00
1.986571089940113888e+00
2.087245641211006308e+00
2.035050404367853005e+00
1.888714497053036956e+00
2.124558708608453195e+00
1.875284841449971873e+00
1.886096596706047013e+00
1.969218569643855776e+00
2.159254519447591836e+00
1.986281099411649986e+00
2.035392444004522794e+00
1.918739322541844095e+00
1.961915593856801143e+00
1.886993415213992220e+00
1.966376492571425771e+00
1.938307992327771290e+00
2.020264981949260186e+00
1.890444547267797093e+00
2.117573115725183808e+00
1.969178124678770514e+00
2.081741589417600125e+00
1.856325134664474907e+00
1.932896815974434856e+00
2.005011592725678415e+00
2.098366647349103165e+00
1.936163418362322419e+00
2.143831337739021681e+00
2.244812380233416338e+00
1.993570047989365213e+00
2.137285177016372106e+00
1.956070586092784502e+00
1.998730196063474907e+00
2.136278877603895676e+00
1.947167526800962944e+00
2.002160226017808409e+00
2.158787475029302350e+00
1.936270240801253317e+00
1.972397274317859717e+00
2.133724225577782629e+00
2.108166768592922846e+00
1.902586203822368871e+00
2.081726097871264614e+00
1.912208874655894286e+00
1.901115217402235213e+00
1.996096767518480419e+00
2.052011843650096701e+00
1.955679009994123030e+00
1.987465210690226858e+00
1.957450429666189429e+00
2.015338592424633202e+00
1.995433468002829835e+00
1.851751237259531502e+00
1.872709411006687308e+00
1.927635970753319050e+00
2.071734211579055795e+00
1.931293302714176319e+00
1.990146616212038921e+00
1.969029685446149758e+00
2.042327171700771160e+00
2.009922937638526808e+00
1.886400432521629256e+00
2.014031102123111427e+00
2.014413077018765375e+00
2.046103964762215899e+00
2.028121434114920962e+00
1.885902642600163492e+00
2.049442538439604888e+00
1.972549438286275603e+00
2.059698290358911610e+00
2.032019171968797444e+00
1.917263895147551134e+00
1.958524661687861546e+00
2.016467759165947005e+00
1.994074506977384420e+00
2.012044706824111184e+00
1.824692199081725974e+00
1.937830250613599814e+00
2.049211267042676532e+00
1.998203990070766656e+00
1.862272838390853780e+00
2.067559017473698191e+00
1.933914497289096257e+00
1.986131768630964078e+00
2.102599727473917213e+00
1.914731036500078698e+00
1.979412392165178280e+00
2.050433301223562932e+00
1.980396267153978762e+00
1.906795160978648207e+00
2.039149895742614849e+00
2.110718952900145773e+00
1.856400449343277970e+00
2.192342701651107895e+00
1.836295328609104827e+00
2.085961425705017636e+00
2.072974344733543361e+00
2.001594438527962261e+00
2.027258027410771213e+00
2.092586802316135586e+00
2.243322297706957347e+00
1.942021407969442670e+00
2.043080420843546019e+00
2.111420830736588705e+00
1.832939283536119568e+00
1.937530507225485588e+00
2.175760411926277005e+00
1.837210104013894174e+00
2.004961065913120066e+00
2.084031901272541454e+00
2.044703019699644297e+00
1.764347205989488465e+00
2.029765386934526017e+00
1.892300306180703551e+00
1.955937218065408212e+00
2.086806284691551827e+00
1.848977481754356278e+00
1.862328995958137279e+00
2.078865534957814898e+00
2.104095125155048152e+00
2.014437833012716172e+00
1.917406429475415397e+00
1.998290221811627410e+00
2.027370642110387866e+00
2.193418741287104012e+00
1.954220407942349746e+00
1.994505196018103499e+00
1.918967643063721473e+00
2.067189791826208101e+00
2.099950470850355355e+00
2.056113369858024509e+00
2.225090175223944478e+00
2.162120857836798749e+00
2.037602592171610993e+00
1.999160713651144672e+00
2.077617211172425815e+00
2.069548397764529035e+00
1.972369357601305717e+00
1.983457467036122912e+00
1.803835866922826714e+00
2.008836561368524620e+00
1.958227709550856233e+00
1.868218852679397024e+00
2.180619321472452743e+00
2.083931142868114872e+00
2.039088666105890013e+00
2.069721038250640799e+00
2.041126941925605287e+00
2.070225257214596049e+00
1.958179740159266435e+00
1.959241958406759965e+00
1.784740613880794635e+00
2.097539082722625459e+00
1.935700843210892863e+00
2.015139493669777959e+00
1.905085432300302584e+00
1.895408975261183127e+00
2.063514893689056606e+00
2.030816134415994068e+00
1.971088500736948745e+00
2.014485232878686194e+00
2.063106699620201656e+00
1.949479109980918334e+00
2.132506553369581948e+00
1.932756439267712345e+00
1.959250464373448741e+00
1.968975762816920438e+00
2.000222691521606588e+00
2.099954357152927553e+00
1.980484651919416805e+00
1.792548830054100151e+00
2.117466028284887614e+00
1.902450072913572710e+00
1.996792537906744380e+00
1.918826712092937870e+00
2.198210106928439433e+00
2.156180611617799947e+00
1.888657344398266824e+00
1.940057918709521045e+00
2.039414307151064865e+00
1.988751039748947624e+00
2.020947671354832664e+00
1.986099560767093486e+00
2.080506561231869167e+00
1.911718485783884924e+00
1.949994753252856539e+00
2.131257490184037984e+00
1.816489106034962164e+00
1.848848368052482316e+00
2.119652674761577149e+00
1.959218765547497521e+00
1.804409806657741644e+00
1.898938531625485648e+00
1.913740492477457256e+00
2.060160278397494160e+00
2.065024929412972998e+00
1.975498410445906128e+00
1.994811970810346002e+00
2.086355583000346403e+00
2.171970126749371843e+00
2.044131636563642385e+00
2.037528744522916657e+00
1.983734238224994062e+00
2.158860692270782700e+00
1.818509675027846662e+00
2.014954525444888844e+00
1.793922657884189364e+00
1.988068571333562629e+00
2.290521876080166219e+00
1.964542674250437049e+00
1.790826485079375363e+00
2.069920375049094208e+00
1.910866637266728896e+00
1.957205965669498449e+00
2.122827722810245454e+00
2.039300610217620768e+00
