17.8643 173.6278
19.8212 307.1362
2.5763 173.4989
11.0112 88.5557
13.2731 304.6853
15.2967 354.8641
5.8801 196.1277
8.5795 8.9480
19.8849 143.3984
14.2877 357.7468
16.9985 298.4123
9.6807 110.3687
11.6448 178.6766
8.8977 273.3147
5.6655 201.0206
18.6142 198.8302
12.3631 142.5441
15.5299 75.8362
3.0631 90.4241
12.3931 68.5731
0.9248 239.2997
12.1321 62.1496
19.0988 196.1838
7.0568 97.4797
3.5378 338.3107
2.0091 67.7205
19.3285 244.2829
19.8575 352.3647
0.8496 188.6939
8.6000 236.8231
8.8450 279.0706
10.4111 358.0170
19.4810 47.5886
9.4420 117.0278
19.3860 266.0321
16.0052 252.4977
16.8337 2.7134
3.6491 15.2988
12.4877 347.9942
5.9337 130.7799
11.4437 75.6954
12.0784 159.7207
9.9149 127.8024
12.2555 274.8841
4.4186 239.9869
0.3434 121.6009
7.6493 218.6560
4.8051 77.6737
11.7895 334.5503
0.8353 31.5184
12.3747 15.1791
3.5958 4.3209
12.5883 69.8469
2.4650 172.9220
8.1188 1.2736
19.6137 353.7203
16.8957 3.3289
17.5534 127.6980
5.4122 70.9778
10.3709 18.6529
13.3965 49.7201
9.1713 355.1256
16.3225 301.0418
13.4871 78.1595
9.3604 3.6849
4.9188 76.1615
6.4688 161.2421
9.4359 298.2534
7.9465 357.4738
4.9186 295.7961
12.1458 248.9930
8.0119 81.1355
11.0337 169.9690
18.3974 142.7059
10.6416 127.7399
14.2751 108.2338
9.7713 233.6772
18.2366 238.1163
7.3369 231.6092
5.4417 294.4049
19.9978 143.4930
14.3137 287.6918
14.7103 256.8183
13.4300 60.6370
11.8678 200.0953
4.6098 197.4191
13.7670 152.2025
11.5912 329.5202
2.2489 347.7666
3.6633 202.4377
11.1901 142.7765
6.6785 262.8378
16.9858 36.8858
7.5541 166.2395
0.1688 95.8041
11.9970 95.4602
1.5181 260.2952
12.6336 11.2954
6.5207 259.2668
8.5410 239.2050
9.9224 129.9397
18.4732 213.4582
12.6189 244.5495
14.4491 42.3569
13.0264 203.2331
15.9274 31.6315
3.0702 224.9444
18.9906 180.0067
12.5348 269.5190
13.7248 26.6543
17.9766 356.9584
4.7186 154.6722
2.2873 141.1860
7.1992 168.5404
15.5967 25.0022
19.4512 133.2480
8.4391 59.1236
1.0278 278.6616
10.0204 81.3777
16.3644 233.7954
15.7850 157.7337
16.3257 291.3220
12.8184 57.2662
8.2738 247.8474
2.6359 125.7211
8.1018 305.4014
18.3992 96.6156
18.0391 59.0358
0.7811 344.4099
5.7079 253.1160
2.7414 305.3723
4.9269 136.2998
8.7262 64.2813
13.9210 127.1067
14.2218 297.5510
0.5010 77.6190
3.2245 51.6314
1.6038 7.0993
14.6819 58.9944
4.3997 31.6891
2.9899 281.9554
2.7385 294.7402
6.3905 311.5807
16.1884 345.6712
9.9698 31.1847
8.2586 226.4318
14.7689 237.7110
11.6279 83.2200
12.5541 89.3899
11.9671 291.9094
8.7898 100.0834
10.2452 72.7237
4.5022 291.1719
6.2757 211.6250
7.5017 272.1492
5.8918 156.8248
13.6730 11.7752
4.0079 44.0338
8.2158 279.4223
4.3213 32.4726
2.8240 328.3409
0.0711 312.0941
14.3034 191.8073
0.5999 315.8744
13.1474 297.1263
3.0435 198.4870
3.4374 39.9298
4.2862 301.4713
0.6127 341.5320
19.6015 355.2790
11.2878 4.7514
11.1539 198.4399
7.1539 146.5736
7.8888 176.0707
7.2923 358.9744
10.5847 44.1985
15.8779 131.6300
5.0947 12.8935
5.1057 25.1508
7.4177 65.6703
14.8754 306.6875
2.4875 120.0008
5.3726 42.7769
16.3688 256.1724
1.8755 82.5845
5.3551 135.4331
14.7356 328.7352
6.8584 55.9685
6.4510 183.0205
5.9023 97.4662
2.8568 168.6807
14.4842 70.5566
11.3387 235.0551
6.6028 294.6707
19.3472 328.2371
10.7645 225.9087
8.1631 253.2979
5.3153 207.4554
15.3865 62.9545
4.5117 113.4481
2.1166 40.8381
6.2608 69.2589
17.4794 220.2220
16.5082 154.3043
7.4678 317.0593
18.7955 136.5210
8.0963 332.6932
0.2840 4.2100
10.4242 10.8683
12.3210 77.9101
13.0505 183.5720
10.6188 281.2084
19.9805 134.7285
16.2869 330.0741
7.8083 330.3388
5.2982 228.9612
8.8943 46.0269
17.6532 206.1092
8.0847 123.7310
10.9559 116.1130
8.3773 306.0860
15.6948 66.6246
0.1283 281.0092
15.8070 108.2292
5.1692 183.2759
14.5303 277.6135
5.7329 96.3562
14.3958 71.6824
0.2236 65.0366
16.6300 261.9506
9.4166 321.6105
7.6366 224.0855
4.6275 326.2206
1.2954 70.8925
7.2565 63.7680
1.0013 285.9127
2.6291 171.2275
17.2819 332.7108
19.5740 66.3916
17.0094 118.7005
18.1611 161.1628
8.6625 20.0194
5.8342 57.1367
10.1765 0.1778
3.4710 60.4197
4.2812 241.9442
2.2194 237.7017
8.4113 158.9529
11.2123 96.9878
6.5074 16.3738
15.1242 111.7160
10.3265 228.5592
15.8545 281.2748
11.5131 238.5241
6.0287 283.2561
15.9330 92.2495
7.8021 279.3519
16.6210 306.1248
4.3179 278.6209
9.4590 269.3498
6.2696 172.1105
1.3083 41.5915
13.0671 310.8470
9.7876 355.8694
11.0293 119.5829
1.9299 313.5701
17.5063 266.5594
8.3365 347.7929
10.5631 153.6418
18.2692 179.0270
10.7562 288.3232
10.3198 51.9650
9.2430 177.2892
8.4467 146.5655
2.9646 89.8754
17.0227 44.0498
5.6143 66.7190
12.6385 269.0741
6.4241 128.8216
16.2472 92.6045
8.9919 77.6545
18.1712 163.8209
0.8696 44.1159
6.8477 0.7120
15.4499 30.0176
12.6661 4.5074
12.3551 16.0445
4.4364 330.3569
2.0283 244.3273
18.1165 45.5021
18.0196 295.8469
0.9212 240.3219
9.3058 80.4074
5.2252 80.1033
0.5438 202.6362
19.6841 173.3515
6.3124 203.9161
0.9250 344.7018
8.1538 208.3800
10.4896 358.9225
7.7882 110.9508
11.7788 203.4190
17.9960 40.7485
17.3370 36.3753
18.5912 248.4008
13.4522 308.9177
16.1137 240.6020
12.3965 256.1970
11.0980 108.0674
9.9957 91.3159
17.6344 189.3306
3.4546 12.8850
1.1828 162.9591
7.6913 107.7914
11.5345 105.4267
0.5306 20.8447
2.0262 192.4636
8.3173 38.8619
14.1193 345.5672
2.2490 172.8791
13.5515 188.7473
5.8757 282.5367
2.2973 177.6141
0.2867 27.4503
7.1042 349.4050
8.0584 169.3261
19.2619 351.9416
19.8866 75.7381
12.6356 257.0625
8.3402 241.3094
2.8164 330.4343
17.1533 206.1658
12.2481 215.9537
7.4091 356.8689
1.9374 226.5749
13.4142 252.1155
1.6727 209.0400
14.5936 59.5828
3.0250 269.0668
13.8146 70.2540
12.1049 145.0256
15.8726 157.9234
18.9348 342.2483
10.2881 264.3724
17.3753 295.1553
19.2984 249.5237
8.5401 254.6167
14.8901 93.2334
2.1168 116.9765
18.3780 172.1166
17.4184 23.1661
19.2713 331.6091
16.2527 181.1797
16.6546 237.2169
17.5227 312.4556
5.9238 45.7735
5.6648 7.4442
8.1836 306.8082
7.6835 242.6901
16.1094 1.8250
15.1628 68.8817
3.8817 70.7125
7.3795 12.6730
10.7284 283.2530
0.3285 295.5376
2.9125 356.4192
3.0436 122.3913
8.2281 64.8661
0.0327 213.1593
12.2260 19.4718
14.4682 324.7964
10.2563 185.1146
4.7686 356.5420
18.9584 225.8617
15.6043 44.1727
7.4820 221.3353
17.8541 165.3560
3.2994 274.7141
10.6811 114.2351
17.1121 271.1979
8.3723 254.0230
6.8567 222.1073
8.6507 312.9205
8.1131 81.0996
7.5578 357.1862
0.1386 212.5336
9.3594 24.1024
19.4767 219.6604
0.3711 356.4525
0.6583 165.4852
18.6029 110.6844
7.4046 103.8535
8.0983 94.6200
5.9980 316.3370
3.7265 302.3111
14.3429 350.2268
0.8867 169.3761
9.7904 249.3735
6.7627 344.0468
16.2083 226.1379
15.4662 67.8444
7.8992 182.1081
5.5431 169.6399
17.5905 121.2159
11.4567 203.7850
8.9784 320.1592
0.1058 120.8367
15.2488 103.6114
17.5865 165.8360
19.7047 99.1906
5.4835 183.5808
10.9632 34.9541
0.2254 103.4524
10.6434 242.1825
5.2617 293.5305
1.9904 246.5633
10.9907 83.3524
5.0290 316.0589
16.0280 101.3580
14.4120 318.2208
0.1345 264.0500
11.0397 308.0783
0.0624 130.4555
7.3928 335.4975
15.2571 311.7309
9.3334 98.2594
6.8878 137.2210
14.2501 69.8462
16.5760 154.7483
10.2261 197.9765
13.9815 309.0872
0.6226 22.0083
13.5990 172.4990
9.0107 49.7301
16.9327 315.0118
1.0441 88.2252
16.6602 32.7688
6.5859 40.1420
15.2394 140.4970
3.6122 320.7238
9.3877 14.8894
11.4877 146.0474
0.6126 262.1338
6.5385 107.8041
15.8455 192.9361
7.9023 291.1472
14.9183 3.2586
4.6032 5.7857
9.5829 56.3188
10.3475 65.1983
1.0646 349.9714
17.5738 117.3136
2.2346 338.1151
12.8608 205.0976
17.2217 157.6884
18.1291 236.1683
1.7954 211.2981
9.6712 10.9456
3.0123 124.7918
18.6103 183.3615
2.5213 333.6850
18.5832 196.0255
3.9090 33.1151
9.4186 326.9711
11.7678 180.4592
17.4209 231.0772
11.3516 213.9496
16.4351 331.2889
8.1301 80.5962
4.5277 128.9406
4.8405 210.6220
13.0734 100.2780
10.1297 63.6005
6.0460 184.5760
4.8227 206.5939
13.6718 112.9055
16.4936 9.5696
8.9623 84.9067
9.7509 268.5775
0.5732 247.9355
0.9159 346.0192
15.0242 27.1488
15.0299 68.0526
12.3316 289.2376
19.9638 271.7943
19.6646 193.8891
8.6273 103.6222
12.0471 72.9916
3.6208 162.7618
19.5748 65.6667
7.0563 235.5515
10.8901 330.3665
0.1131 178.0578
16.5583 191.0194
6.4856 334.8101
16.0115 323.2840
14.7674 111.8785
16.8590 121.5235
12.6971 317.6491
1.0190 231.6027
3.8640 137.3680
10.3608 3.7594
2.7095 224.7045
7.0583 46.1063
12.1538 277.8047
17.4961 72.5719
14.0681 241.6281
1.5688 262.4199
13.2371 319.2487
12.4521 140.2409
2.9967 235.8785
16.0771 330.0705
2.8154 319.0543
17.4206 2.2736
9.8310 304.2008
15.2409 247.0026
16.6264 322.0893
3.8743 236.2725
19.1668 193.7879
2.2159 150.6478
17.8120 277.1634
10.0367 267.7925
1.5191 149.1438
9.8827 40.8309
2.6193 213.1759
16.0758 191.5969
10.5775 169.6298
11.4326 324.8321
1.0097 112.3628
8.7423 60.7665
9.6581 216.0745
5.6204 41.6693
8.0488 284.0190
6.7842 106.8973
15.9060 278.4322
16.9293 291.9102
4.6192 37.5481
18.5557 87.3873
17.9524 208.9788
16.6793 218.0254
13.8943 68.1695
13.9677 84.4265
6.7800 286.9525
5.4874 162.2704
11.8467 53.4157
17.2643 163.2528
1.2251 316.4906
6.5922 9.2317
4.9461 63.3600
2.6632 120.5840
19.9177 273.7918
4.7233 191.0611
18.6431 158.4278
13.1930 117.1614
3.6507 155.6085
4.1987 313.8726
9.4548 220.9870
5.6392 352.9048
16.2879 9.6395
14.6487 206.4681
9.8149 220.3298
19.9935 15.8939
14.2569 32.4759
12.4974 316.9831
7.0024 13.5537
18.9237 177.6087
8.3047 150.1962
15.8906 202.7346
9.3186 151.5308
15.5045 321.1973
12.6323 213.0727
8.7902 230.0433
5.4969 261.5574
5.6637 150.7058
19.6347 341.4973
7.5292 213.0083
8.1729 34.3265
11.7691 95.2471
10.9731 193.2805
9.2599 264.0541
3.2778 207.6808
7.0701 199.0115
4.9942 182.9020
5.4491 341.5083
3.8553 230.2454
0.0711 250.4773
10.7160 121.6289
19.9901 76.7384
0.8724 192.3663
8.5460 141.9990
6.0745 37.9492
10.5669 115.9349
18.0610 300.7652
6.7036 48.4484
10.2937 308.0346
16.1421 24.1807
15.6022 248.2246
8.6013 234.1253
12.0010 15.5756
1.3298 75.8268
11.3008 178.1004
15.0122 234.4400
7.4121 216.2980
7.5017 332.1304
12.7588 78.6964
12.5865 157.4787
15.6121 121.1389
9.0805 246.7005
1.4173 30.9240
7.2659 4.7909
11.2779 272.1054
11.2910 59.5696
12.2593 77.9909
13.6692 197.1330
18.8020 102.1864
1.7574 19.0961
3.3468 7.4500
18.1347 98.5243
0.1387 191.7933
18.2158 200.3022
6.0050 43.8952
15.5460 53.4562
9.4091 150.2375
7.1508 111.6953
17.2467 319.8467
16.6826 181.0087
14.7265 325.0093
17.4866 324.4694
13.2461 171.0047
17.9676 318.4619
9.0896 234.4112
19.8671 2.7625
11.5623 20.5932
10.7330 64.3012
2.4354 188.5479
4.0983 180.4502
1.1466 22.4288
7.0619 17.5099
10.2998 187.5760
9.8687 204.2391
19.3907 16.7074
14.7752 331.5719
18.1730 134.0295
11.3354 253.1643
7.7205 239.4863
9.3067 159.3303
4.5789 251.2573
5.2157 75.2963
9.6902 289.5978
0.8345 111.0752
18.9844 91.1440
0.1505 23.3449
7.3023 266.4046
10.8372 243.5117
9.3821 320.5725
18.3404 26.9170
16.7153 270.4990
19.0176 311.5982
0.0089 24.6329
10.4009 112.7858
16.5654 356.9192
9.6937 40.7813
9.7446 283.1546
4.0411 34.2992
12.6802 157.6792
17.2058 287.9032
5.7395 202.7947
0.8583 154.3925
16.7502 221.1833
12.5708 76.4631
19.1449 99.8972
0.4408 9.8417
1.1972 137.2490
17.4990 292.3660
9.9101 35.9326
11.7508 199.7794
10.3120 218.9317
2.9239 82.4199
17.5198 295.6016
13.4644 287.0396
13.6901 315.9715
9.1744 166.0764
11.5204 328.8914
11.5658 246.8640
3.9757 73.3914
1.7414 94.0596
13.4027 321.0756
19.1459 25.1273
16.7642 22.2915
5.8971 128.0371
16.4584 283.6107
8.3605 53.1608
16.9937 57.8660
9.6463 129.8654
3.4074 33.3703
7.2949 211.9153
1.1440 9.6255
17.7666 51.4060
6.0722 187.9897
8.0137 42.4121
12.0112 118.6211
8.0789 124.6725
18.0372 337.2478
6.5632 304.8578
0.0523 25.4331
4.3399 350.7099
4.0570 155.0739
11.9039 210.8353
12.9657 6.8671
0.9999 146.2246
15.3363 300.1016
15.3124 187.5038
11.6785 86.1602
13.8278 327.0637
7.6881 114.3619
5.7512 307.6804
12.0986 131.1982
19.4219 68.7943
17.0421 80.3479
19.4942 58.2601
6.7509 132.4247
13.7087 15.5136
0.7928 37.6491
19.4495 233.7082
2.1593 77.5627
0.5816 357.0899
7.5826 268.2853
7.5099 53.1344
1.2573 159.8692
19.0017 228.8029
18.4687 233.4983
2.4940 44.6977
3.4996 31.0956
1.7419 116.4588
0.8949 181.6994
9.3955 253.5831
19.0718 26.4162
13.4312 211.0416
14.6752 42.8800
15.6467 284.2457
14.7232 255.3534
8.1444 60.4904
16.4145 227.6374
18.2858 337.3442
19.2249 309.0408
18.6968 182.3675
6.5503 134.1025
19.1797 224.6949
13.8812 119.8470
17.7194 353.0536
4.6426 228.9201
10.8060 22.5384
15.8926 193.2493
19.2457 175.1517
3.1424 181.2310
9.3998 134.4287
15.3741 213.0623
15.2299 114.9356
19.2649 272.3225
11.6404 146.1644
11.7731 297.4095
0.4275 231.1893
17.0843 169.0696
8.6687 255.1343
7.9590 269.1750
17.9497 158.6433
11.8961 119.9520
10.1469 273.2590
14.4829 212.7282
9.0986 228.3572
2.6557 348.0039
2.0324 65.5168
9.9594 301.4589
12.2938 341.0554
5.2749 317.6688
1.3676 204.0571
1.8153 182.7884
15.3411 16.7728
1.5727 342.6529
16.3982 277.5652
16.6392 191.2510
14.0011 245.6339
7.9996 336.6005
6.3881 254.4330
12.4049 172.9359
15.9653 150.8537
18.5965 9.1704
11.6513 332.9659
13.1625 230.2615
10.3055 271.0168
19.3762 224.6172
8.1045 249.1565
13.4955 159.1500
0.2686 130.8629
7.0547 122.7803
15.4691 90.9309
13.1338 218.6750
11.2594 251.8158
15.0438 56.0286
7.2077 326.3496
11.9586 156.6704
18.2484 301.2493
0.7372 39.6494
12.2107 294.9581
10.3361 36.5747
10.5794 271.8082
8.4438 9.8562
18.6095 331.2171
12.8144 151.2774
18.6016 46.9526
12.4463 259.3741
16.8048 32.6235
11.2620 96.6002
8.1494 163.8313
9.3770 93.7218
14.0314 73.7117
2.0900 338.3405
11.2738 212.1034
12.7097 319.1264
6.4127 305.7393
17.1168 129.3770
19.0348 256.1849
14.1757 247.9512
4.4270 205.5606
5.8359 81.5243
4.2699 123.4258
2.5516 69.1962
17.8139 325.2266
3.9914 55.5828
12.4284 5.8354
6.7024 5.5460
9.9304 345.2177
15.4575 284.7901
4.9700 305.4933
17.5178 301.6211
16.8850 163.4668
10.5138 278.2058
1.6147 252.1216
7.8540 86.3595
3.6415 18.3768
3.4972 158.5272
3.6163 187.8742
0.6974 58.8218
14.0027 132.3370
15.8969 140.4395
10.8969 327.5608
2.5051 258.9689
5.8200 100.5598
3.9869 210.0637
7.9559 188.2906
19.9010 121.3717
7.4822 251.9549
4.1618 45.3606
6.9765 55.9496
1.3056 303.0353
4.5976 330.3161
4.7368 92.3523
14.3430 342.1161
6.7727 75.5300
18.1154 26.6045
13.7126 64.0540
17.1068 198.4356
13.1023 183.8265
5.6072 246.2880
7.5783 224.4488
7.1504 153.1652
12.7672 252.7311
3.9506 65.5208
3.0542 4.0926
14.2118 265.3482
4.5188 219.9419
1.4906 184.1837
11.4677 329.3550
1.4868 232.7612
17.2620 49.0177
19.2630 59.8337
7.9656 340.2997
10.8095 348.7774
15.2961 181.3478
7.7430 89.2193
13.1333 153.3203
12.0826 307.1582
13.8304 343.4027
13.5869 78.0654
15.7872 32.4235
9.4102 324.8700
14.3046 201.0495
6.2285 152.6551
11.4587 64.5156
2.5645 91.3878
5.4537 45.2363
2.6494 173.0294
5.2597 47.1074
15.9156 261.9280
8.7636 346.7054
17.3868 312.8883
18.9893 357.8734
18.3634 237.8599
5.4129 28.8162
11.5273 49.9933
5.9397 24.3343
5.8093 127.4819
1.9629 250.9177
5.8001 188.8481
2.1123 307.1412
5.1191 164.5224
13.7610 280.5857
4.8812 158.9971
6.8354 136.7287
10.2705 220.3376
11.7284 187.9451
7.2445 172.9410
12.5872 149.0809
19.1901 75.3866
3.0351 202.7112
9.4333 285.6817
4.9502 23.2071
16.7489 292.6053
17.3978 37.8333
3.4089 4.9085
2.4985 312.2323
15.4973 287.7653
7.9297 326.7441
9.8019 96.9951
17.2350 134.1164
2.1098 166.1288
18.8445 297.1745
10.1839 109.9742
5.9772 332.6438
12.0191 55.7141
8.8215 35.1335
8.9463 329.4323
1.2025 188.2063
5.7629 3.8599
8.4195 156.9463
7.5087 189.8073
1.3379 8.7837
5.1775 329.9186
19.0296 40.8611
12.2686 154.9445
5.9074 218.6196
5.7076 284.1992
16.0931 220.7539
6.8047 284.1066
2.4306 347.2159
17.3162 83.2535
0.4661 42.0511
14.2719 19.1160
14.0304 348.2373
2.2524 246.3883
15.4583 275.3155
0.8851 294.0330
5.6807 268.7293
18.3440 282.6244
0.9363 299.7120
10.8052 131.4479
6.4938 132.1572
18.2142 129.4617
12.2609 190.2286
13.8732 238.7262
10.6042 126.8825
2.1613 98.8314
10.7784 358.0183
9.8277 174.4106
11.3669 81.1947
4.4962 47.9008
13.0059 242.5721
15.4540 354.2772
9.7754 174.3502
12.7779 212.2741
16.5280 146.9570
15.4296 210.3926
15.0446 14.4879
18.0761 239.2313
9.1577 184.2274
10.8962 10.1421
18.0883 164.0673
10.0421 205.0448
1.0641 166.0584
13.6337 308.0373
11.5576 31.7745
11.7757 191.6297
15.4015 246.0412
16.6331 197.4145
14.1312 312.4780
19.0493 297.9920
9.2187 320.9569
8.8819 121.5949
3.4052 237.7386
4.7049 350.1144
17.5953 36.8213
15.9829 353.5393
5.4988 291.8610
2.9598 170.8624
3.8780 33.0395
7.8033 350.5363
12.8655 228.6315
16.8331 252.0137
14.8762 141.5704
17.7114 301.6705
